0.4550670137373435
0.46614258617812704
0.4772128773696757
0.4882726106552333
0.4993165185585362
0.5103393473629033
0.5213358616769513
0.5323008489824954
0.5432291241602178
0.5541155339887038
0.564954961612473
0.5757423309746651
0.5864726112100729
0.5971408209942545
0.6077420328445007
0.6182713773684795
0.6287240474564335
0.6390953024128595
0.6493804720236594
0.6595749605548177
0.6696742506787224
0.6796739073243276
0.689569581447418
0.6993570137173241
0.7090320381165186
0.7185905854496029
0.7280286867582898
0.7373424766390793
0.746528196460414
0.7555821974762116
0.7645009438327613
0.7732810154660846
0.7819191108869658
0.7904120498509679
0.7987567759108646
0.8069503588490308
0.814989996987459
0.8228730193731845
0.830596887837022
0.8381591989236535
0.8455576856912173
0.8527902193786898
0.8598548109394774
0.8667496124397627
0.8734729183202924
0.8800231665204203
0.8863989394633568
0.8925989649017158
0.8986221166225841
0.9044674150114771
0.910134027474687
0.9156212687196612
0.9209286008932004
0.9260556335773933
0.9310021236433527
0.9357679749629569
0.9403532379789372
0.9447581091337922
0.9489829301581533
0.9530281872193573
0.9568945099311233
0.9605826702253685
0.9640935810873302
0.9674282951553002
0.970588003186403
0.973574032389993
0.9763878446303631
0.9790310345005975
0.9815053272695167
0.9838125767037983
0.9859547627674732
0.9879339892011175
0.9897524809831847
0.9914125816760282
0.9929167506592901
0.9942675602534303
0.995467692736289
0.996519937255672
0.9974271866410555
0.9981924341176056
0.9988187699258001
0.9993093778500381
0.9996675316597076
0.9998965914662696
0.9999999999999999
0.999981278810106
0.9998440243920148
0.9995919042456951
0.99922865286895
0.998758067689673
0.9981840049411269
0.9975103754843552
0.9967411405818908
0.9958803076269733
0.9949319258325284
0.9939000818842023
0.9927888955617826
0.9916025153333605
0.9903451139266232
0.9890208838816815
0.9876340330898591
0.9861887803228799
0.9846893507569026
0.9831399714958524
0.9815448670985022
0.9799082551137502
0.978234341628533
0.9765273168327976
0.9747913506059449
0.9730305881291258
0.9712491455277517
0.9694511055485505
0.9676405132754625
0.9658213718886287
0.9639976384706884
0.9621732198645504
0.9603519685867496
0.9585376788004497
0.9567340823520892
0.9549448448756085
0.9531735619681218
0.9514237554408359
0.9496988696489339
0.948002267904068
0.9463372289730227
0.9447069436660264
0.9431145115180909
0.9415629375666809
0.9400551292289043
0.9385938932813271
0.9371819329454081
0.9358218450814446
0.9345161174938165
0.933267126350199
0.932077133717309
0.9309482852156243
0.9298826077954087
0.9288820076362456
0.9279482681721647
0.9270830482443215
0.9262878803830631
0.9255641692210819
0.9249131900392342
0.9243360874464649
0.9238338741951484
0.9234074301330183
0.9230575012927322
0.9227846991199647
0.9225894998408045
0.9224722439690753
0.9224331359540746
0.9224722439690753
0.9225894998408045
0.9227846991199647
0.9230575012927321
0.9234074301330183
0.9238338741951484
0.9243360874464649
0.9249131900392341
0.9255641692210819
0.9262878803830631
0.9270830482443215
0.9279482681721647
0.9288820076362456
0.9298826077954087
0.9309482852156243
0.932077133717309
0.9332671263501991
0.9345161174938164
0.9358218450814446
0.9371819329454081
0.9385938932813273
0.9400551292289043
0.9415629375666807
0.9431145115180909
0.9447069436660265
0.9463372289730227
0.9480022679040678
0.9496988696489339
0.9514237554408359
0.9531735619681218
0.9549448448756085
0.9567340823520891
0.9585376788004497
0.9603519685867496
0.9621732198645504
0.9639976384706884
0.9658213718886286
0.9676405132754625
0.9694511055485506
0.9712491455277514
0.9730305881291258
0.9747913506059449
0.9765273168327975
0.9782343416285328
0.9799082551137502
0.9815448670985021
0.9831399714958524
0.9846893507569026
0.9861887803228799
0.9876340330898591
0.9890208838816814
0.990345113926623
0.9916025153333604
0.9927888955617826
0.9939000818842023
0.9949319258325283
0.9958803076269733
0.9967411405818909
0.9975103754843552
0.9981840049411269
0.998758067689673
0.99922865286895
0.9995919042456951
0.9998440243920148
0.999981278810106
1.0
0.9998965914662695
0.9996675316597076
0.9993093778500381
0.9988187699258001
0.9981924341176055
0.9974271866410555
0.996519937255672
0.995467692736289
0.9942675602534303
0.9929167506592901
0.9914125816760283
0.9897524809831848
0.9879339892011175
0.9859547627674731
0.9838125767037983
0.9815053272695168
0.9790310345005976
0.9763878446303631
0.9735740323899927
0.970588003186403
0.9674282951553002
0.9640935810873305
0.9605826702253687
0.9568945099311235
0.9530281872193573
0.9489829301581535
0.9447581091337921
0.9403532379789372
0.935767974962957
0.9310021236433528
0.9260556335773934
0.9209286008932004
0.9156212687196614
0.910134027474687
0.9044674150114773
0.8986221166225842
0.8925989649017159
0.8863989394633568
0.8800231665204203
0.8734729183202924
0.8667496124397627
0.8598548109394774
0.8527902193786898
0.845557685691217
0.8381591989236536
0.8305968878370221
0.8228730193731844
0.8149899969874593
0.806950358849031
0.7987567759108648
0.7904120498509679
0.7819191108869658
0.773281015466085
0.7645009438327613
0.7555821974762119
0.7465281964604141
0.737342476639079
0.7280286867582898
0.7185905854496031
0.7090320381165186
0.6993570137173244
0.689569581447418
0.6796739073243274
0.6696742506787224
0.6595749605548178
0.6493804720236599
0.6390953024128598
0.628724047456434
0.6182713773684795
0.6077420328445006
0.5971408209942545
0.5864726112100732
0.5757423309746652
0.5649549616124733
0.5541155339887041
0.5432291241602176
0.5323008489824955
0.5213358616769517
0.5103393473629039
0.49931651855853626
0.48827261065523325
0.4772128773696758
0.4661425861781269
0.4550670137373436
0.4439914412965597
0.43292115010501164
0.42186141681945394
0.41081750891615093
0.39979468011178393
0.3887981657977356
0.3778331784921914
0.3669049033144696
0.3560184934859832
0.3451790658622139
0.33439169650002204
0.323661416264614
0.31299320648043294
0.3023919946301866
0.2918626501062077
0.28140998001825374
0.27103872506182736
0.26075355545102724
0.25055906691986984
0.24045977679596472
0.23046012015035927
0.2205644460272692
0.21077701375736274
0.20110198935816812
0.19154344202508453
0.18210534071639736
0.1727915508356077
0.16360583101427306
0.1545518299984753
0.14563308364192526
0.13685301200860256
0.1282149165877213
0.1197219776237188
0.11137725156382232
0.10318366862565613
0.09514403048722765
0.08726100810150278
0.07953713963766497
0.07197482855103385
0.06457634178347
0.057343808095997297
0.050279216535209836
0.04338441503492445
0.03666110915439438
0.030110860954266898
0.023735088011330313
0.01753506257297119
0.011511910852103168
0.005666612463209793
0.0
0.0
0.0
0.0
0.0
0.0
0.0
0.0
0.0
0.0
0.0
0.0
0.0
0.0
0.0
0.0
0.0
0.0
0.0
0.0
0.0
0.0
0.0
0.0
0.0
0.0
0.0
0.0
0.0
0.0
0.0
0.0
0.0
0.0
0.0
0.0
0.0
0.0
0.0
0.0
0.0
0.0
0.0
0.0
0.0
0.0
0.0
0.0
0.0
0.0
0.0
0.0
0.0
0.0
0.0
0.0
0.0
0.0
0.0
0.0
0.0
0.0
0.0
0.0
0.0
0.0
0.0
0.0
0.0
0.0
0.0
0.0
0.0
0.0
0.0
0.0
0.0
0.0
0.0
0.0
0.0
0.0
0.0
0.0
0.0
0.0
0.0
0.0
0.0
0.0
0.0
0.0
0.0
0.0
0.0
0.0
0.0
0.0
0.0
0.0
0.0
0.0
0.0
0.0
0.0
0.0
0.0
0.0
0.0
0.0
0.0
0.0
0.0
0.0
0.0
0.0
0.0
0.0
0.0
0.0
0.0
0.0
0.0
0.0
0.0
0.0
0.0
0.0
0.0
0.0
0.0
0.0
0.0
0.0
0.0
0.0
0.0
0.0
0.0
0.0
0.0
0.0
0.0
0.0
0.0
0.0
0.0
0.0
0.0
0.0
0.0
0.0
0.0
0.0
0.0
0.0
0.0
0.0
0.0
0.0
0.0
0.0
0.0
0.0
0.0
0.0
0.0
0.0
0.0
0.0
0.0
0.0
0.0
0.0
0.0
0.0
0.0
0.0
0.0
0.0
0.0
0.0
0.0
0.0
0.0
0.0
0.0
0.0
0.0
0.0
0.0
0.0
0.0
0.0
0.0
0.0
0.0
0.0
0.0
0.0
0.0
0.005666612463209657
0.011511910852102963
0.01753506257297078
0.023735088011329834
0.03011086095426642
0.03666110915439445
0.04338441503492451
0.050279216535209975
0.057343808095996956
0.06457634178346973
0.07197482855103364
0.07953713963766469
0.0872610081015025
0.09514403048722732
0.10318366862565599
0.11137725156382204
0.11972197762371813
0.1282149165877206
0.136853012008602
0.14563308364192554
0.15455182999847525
0.1636058310142732
0.17279155083560735
0.18210534071639703
0.1915434420250844
0.20110198935816762
0.21077701375736244
0.22056444602726882
0.23046012015035847
0.2404597767959641
0.2505590669198688
0.2607535554510272
0.27103872506182747
0.28140998001825385
0.2918626501062073
0.302391994630186
0.3129932064804326
0.32366141626461353
0.3343916965000217
0.34517906586221303
0.3560184934859825
0.3669049033144689
0.37783317849219133
0.38879816579773574
0.39979468011178404
0.41081750891615054
0.4218614168194538
0.4329211501050113
0.4439914412965593